{
 "cells": [
  {
   "cell_type": "markdown",
   "metadata": {},
   "source": [
    "# Performing Principal Component Analysis (PCA) - Lab\n",
    "\n",
    "## Introduction\n",
    "\n",
    "Now that you have high level overview of PCA as well as some of the details in the algorithm itself, its time to practice implementing PCA on your own using the NumPy package. \n",
    "\n",
    "## Objectives\n",
    "\n",
    "You will be able to:\n",
    "    \n",
    "* Implement PCA from scratch using NumPy"
   ]
  },
  {
   "cell_type": "markdown",
   "metadata": {},
   "source": [
    "## Import the Data\n",
    "\n",
    "To start, import the data stored in the file 'foodusa.csv'."
   ]
  },
  {
   "cell_type": "code",
   "execution_count": 5,
   "metadata": {},
   "outputs": [],
   "source": [
    "#Your code here\n",
    "import pandas as pd\n",
    "import numpy as np \n",
    "food = pd.read_csv('foodusa.csv',index_col=0)"
   ]
  },
  {
   "cell_type": "code",
   "execution_count": 6,
   "metadata": {},
   "outputs": [
    {
     "data": {
      "text/html": [
       "<div>\n",
       "<style scoped>\n",
       "    .dataframe tbody tr th:only-of-type {\n",
       "        vertical-align: middle;\n",
       "    }\n",
       "\n",
       "    .dataframe tbody tr th {\n",
       "        vertical-align: top;\n",
       "    }\n",
       "\n",
       "    .dataframe thead th {\n",
       "        text-align: right;\n",
       "    }\n",
       "</style>\n",
       "<table border=\"1\" class=\"dataframe\">\n",
       "  <thead>\n",
       "    <tr style=\"text-align: right;\">\n",
       "      <th></th>\n",
       "      <th>Bread</th>\n",
       "      <th>Burger</th>\n",
       "      <th>Milk</th>\n",
       "      <th>Oranges</th>\n",
       "      <th>Tomatoes</th>\n",
       "    </tr>\n",
       "    <tr>\n",
       "      <th>City</th>\n",
       "      <th></th>\n",
       "      <th></th>\n",
       "      <th></th>\n",
       "      <th></th>\n",
       "      <th></th>\n",
       "    </tr>\n",
       "  </thead>\n",
       "  <tbody>\n",
       "    <tr>\n",
       "      <th>ATLANTA</th>\n",
       "      <td>24.5</td>\n",
       "      <td>94.5</td>\n",
       "      <td>73.9</td>\n",
       "      <td>80.1</td>\n",
       "      <td>41.6</td>\n",
       "    </tr>\n",
       "    <tr>\n",
       "      <th>BALTIMORE</th>\n",
       "      <td>26.5</td>\n",
       "      <td>91.0</td>\n",
       "      <td>67.5</td>\n",
       "      <td>74.6</td>\n",
       "      <td>53.3</td>\n",
       "    </tr>\n",
       "  </tbody>\n",
       "</table>\n",
       "</div>"
      ],
      "text/plain": [
       "           Bread  Burger  Milk  Oranges  Tomatoes\n",
       "City                                             \n",
       "ATLANTA     24.5    94.5  73.9     80.1      41.6\n",
       "BALTIMORE   26.5    91.0  67.5     74.6      53.3"
      ]
     },
     "execution_count": 6,
     "metadata": {},
     "output_type": "execute_result"
    }
   ],
   "source": [
    "food.head(2)"
   ]
  },
  {
   "cell_type": "markdown",
   "metadata": {},
   "source": [
    "## Normalize the Data\n",
    "\n",
    "Next, normalize your data by subtracting the feature mean from each of the columns"
   ]
  },
  {
   "cell_type": "code",
   "execution_count": 10,
   "metadata": {},
   "outputs": [],
   "source": [
    "#Your code here\n",
    "mean_centered = food-food.mean()"
   ]
  },
  {
   "cell_type": "markdown",
   "metadata": {},
   "source": [
    "## Calculate the Covariance Matrix\n",
    "\n",
    "The next step for PCA is to calculate to covariance matrix for your normalized data. Do so here."
   ]
  },
  {
   "cell_type": "code",
   "execution_count": 23,
   "metadata": {},
   "outputs": [
    {
     "ename": "AttributeError",
     "evalue": "'DataFrame' object has no attribute 'Orange'",
     "output_type": "error",
     "traceback": [
      "\u001b[0;31m\u001b[0m",
      "\u001b[0;31mAttributeError\u001b[0mTraceback (most recent call last)",
      "\u001b[0;32m<ipython-input-23-5d0f1b0624e8>\u001b[0m in \u001b[0;36m<module>\u001b[0;34m()\u001b[0m\n\u001b[1;32m      1\u001b[0m \u001b[0;31m#Your code here\u001b[0m\u001b[0;34m\u001b[0m\u001b[0;34m\u001b[0m\u001b[0m\n\u001b[0;32m----> 2\u001b[0;31m \u001b[0mcov_matrix\u001b[0m \u001b[0;34m=\u001b[0m \u001b[0mnp\u001b[0m\u001b[0;34m.\u001b[0m\u001b[0mcov\u001b[0m\u001b[0;34m(\u001b[0m\u001b[0;34m[\u001b[0m\u001b[0mmean_centered\u001b[0m\u001b[0;34m.\u001b[0m\u001b[0mBread\u001b[0m\u001b[0;34m,\u001b[0m\u001b[0mmean_centered\u001b[0m\u001b[0;34m.\u001b[0m\u001b[0mBurger\u001b[0m\u001b[0;34m,\u001b[0m\u001b[0mmean_centered\u001b[0m\u001b[0;34m.\u001b[0m\u001b[0mMilk\u001b[0m\u001b[0;34m,\u001b[0m\u001b[0mmean_centered\u001b[0m\u001b[0;34m.\u001b[0m\u001b[0mOrange\u001b[0m\u001b[0;34m,\u001b[0m\u001b[0mmean_centered\u001b[0m\u001b[0;34m.\u001b[0m\u001b[0mTomatoes\u001b[0m\u001b[0;34m]\u001b[0m\u001b[0;34m)\u001b[0m\u001b[0;34m\u001b[0m\u001b[0m\n\u001b[0m",
      "\u001b[0;32m/opt/conda/envs/learn-env/lib/python3.6/site-packages/pandas/core/generic.py\u001b[0m in \u001b[0;36m__getattr__\u001b[0;34m(self, name)\u001b[0m\n\u001b[1;32m   4374\u001b[0m             \u001b[0;32mif\u001b[0m \u001b[0mself\u001b[0m\u001b[0;34m.\u001b[0m\u001b[0m_info_axis\u001b[0m\u001b[0;34m.\u001b[0m\u001b[0m_can_hold_identifiers_and_holds_name\u001b[0m\u001b[0;34m(\u001b[0m\u001b[0mname\u001b[0m\u001b[0;34m)\u001b[0m\u001b[0;34m:\u001b[0m\u001b[0;34m\u001b[0m\u001b[0m\n\u001b[1;32m   4375\u001b[0m                 \u001b[0;32mreturn\u001b[0m \u001b[0mself\u001b[0m\u001b[0;34m[\u001b[0m\u001b[0mname\u001b[0m\u001b[0;34m]\u001b[0m\u001b[0;34m\u001b[0m\u001b[0m\n\u001b[0;32m-> 4376\u001b[0;31m             \u001b[0;32mreturn\u001b[0m \u001b[0mobject\u001b[0m\u001b[0;34m.\u001b[0m\u001b[0m__getattribute__\u001b[0m\u001b[0;34m(\u001b[0m\u001b[0mself\u001b[0m\u001b[0;34m,\u001b[0m \u001b[0mname\u001b[0m\u001b[0;34m)\u001b[0m\u001b[0;34m\u001b[0m\u001b[0m\n\u001b[0m\u001b[1;32m   4377\u001b[0m \u001b[0;34m\u001b[0m\u001b[0m\n\u001b[1;32m   4378\u001b[0m     \u001b[0;32mdef\u001b[0m \u001b[0m__setattr__\u001b[0m\u001b[0;34m(\u001b[0m\u001b[0mself\u001b[0m\u001b[0;34m,\u001b[0m \u001b[0mname\u001b[0m\u001b[0;34m,\u001b[0m \u001b[0mvalue\u001b[0m\u001b[0;34m)\u001b[0m\u001b[0;34m:\u001b[0m\u001b[0;34m\u001b[0m\u001b[0m\n",
      "\u001b[0;31mAttributeError\u001b[0m: 'DataFrame' object has no attribute 'Orange'"
     ]
    }
   ],
   "source": [
    "#Your code here\n",
    "cov_matrix = np.cov([mean_centered.Bread,mean_centered.Burger,mean_centered.Milk,mean_centered.Orange,mean_centered.Tomatoes])"
   ]
  },
  {
   "cell_type": "code",
   "execution_count": 21,
   "metadata": {},
   "outputs": [
    {
     "data": {
      "text/plain": [
       "array([[ 1.65628796e+02,  1.53459426e+02, -2.57203025e+00,\n",
       "        -7.59348781e+01, -2.18608129e+01,  4.07244915e+01,\n",
       "        -7.98600520e+01, -7.62231172e+01, -7.46028563e+01,\n",
       "        -6.99662911e+01, -1.49866824e+01,  2.32682958e+01,\n",
       "         8.37080784e+01, -8.62530737e+01, -5.52929650e+01,\n",
       "         1.10157306e+01,  2.85812524e+01, -7.15072259e+01,\n",
       "        -6.07858346e+01,  3.09254045e+01, -8.54887807e+00,\n",
       "         3.79245132e+01,  1.23158709e+02],\n",
       "       [ 1.53459426e+02,  1.97233057e+02,  2.56101002e+01,\n",
       "        -9.03397476e+01, -1.39991824e+01,  2.60341219e+01,\n",
       "        -8.00284216e+01, -1.12873487e+02, -5.81142259e+01,\n",
       "        -1.05876161e+02, -4.49475520e+01,  7.32042628e+00,\n",
       "         9.08802089e+01, -7.04269433e+01, -3.82768346e+01,\n",
       "         2.98243611e+01,  6.64678828e+01, -8.71905955e+01,\n",
       "        -8.15837042e+01,  1.84315350e+01, -1.84792476e+01,\n",
       "         5.16286437e+01,  1.35246339e+02],\n",
       "       [-2.57203025e+00,  2.56101002e+01,  2.51341437e+01,\n",
       "        -2.06072042e+01, -5.16863894e+00,  8.24566541e+00,\n",
       "         8.49621928e-01, -3.13169433e+01,  1.65203176e+01,\n",
       "        -2.16436172e+01, -3.09195085e+01, -1.38755302e+01,\n",
       "         1.00342524e+01,  9.67260019e+00,  1.53802089e+01,\n",
       "         2.98014045e+01,  1.83309263e+01, -6.25505198e+00,\n",
       "        -1.29196607e+01, -1.08814216e+01, -8.92520416e+00,\n",
       "        -8.03581285e+00,  1.35413828e+01],\n",
       "       [-7.59348781e+01, -9.03397476e+01, -2.06072042e+01,\n",
       "         6.29744480e+01,  1.75795132e+01, -3.25281824e+01,\n",
       "         3.36277741e+01,  6.30692089e+01,  1.81354698e+01,\n",
       "         6.49280350e+01,  3.88361437e+01, -1.34187807e+00,\n",
       "        -6.20020955e+01,  3.79302524e+01,  8.73786106e+00,\n",
       "        -3.06534433e+01, -1.59959216e+01,  3.67431002e+01,\n",
       "         3.60739915e+01, -1.66787694e+01,  4.22094802e+00,\n",
       "        -6.42516068e+00, -7.03494650e+01],\n",
       "       [-2.18608129e+01, -1.39991824e+01, -5.16863894e+00,\n",
       "         1.75795132e+01,  1.05815784e+01, -1.87071172e+01,\n",
       "         7.56733932e+00,  1.41352741e+01,  3.18353497e+00,\n",
       "         7.04810019e+00,  1.10007089e+01,  1.71687146e-01,\n",
       "        -1.40485302e+01,  1.00033176e+01,  2.20842628e+00,\n",
       "        -1.50428781e+01,  2.63864367e+00,  4.42516541e+00,\n",
       "         5.83755671e+00, -1.81320416e+00,  2.41451323e+00,\n",
       "         9.53690454e+00, -1.76918998e+01],\n",
       "       [ 4.07244915e+01,  2.60341219e+01,  8.24566541e+00,\n",
       "        -3.25281824e+01, -1.87071172e+01,  3.33321871e+01,\n",
       "        -1.40863563e+01, -2.50654216e+01, -6.92316068e+00,\n",
       "        -1.52245955e+01, -1.91729868e+01,  8.55991493e-01,\n",
       "         2.76457741e+01, -1.99083781e+01, -4.61326938e+00,\n",
       "         2.50704263e+01, -6.22505198e+00, -8.61853025e+00,\n",
       "        -1.04231389e+01,  5.78010019e+00, -2.92118242e+00,\n",
       "        -1.57967911e+01,  3.25254045e+01],\n",
       "       [-7.98600520e+01, -8.00284216e+01,  8.49621928e-01,\n",
       "         3.36277741e+01,  7.56733932e+00, -1.40863563e+01,\n",
       "         4.04581002e+01,  3.83960350e+01,  3.76142958e+01,\n",
       "         3.34238611e+01,  5.68396975e+00, -1.05075520e+01,\n",
       "        -3.69027694e+01,  3.98890784e+01,  2.81291871e+01,\n",
       "        -3.32711720e+00, -2.12655955e+01,  3.76184263e+01,\n",
       "         3.23883176e+01, -1.18599433e+01,  6.41027410e+00,\n",
       "        -2.39998346e+01, -6.02186389e+01],\n",
       "       [-7.62231172e+01, -1.12873487e+02, -3.13169433e+01,\n",
       "         6.30692089e+01,  1.41352741e+01, -2.50654216e+01,\n",
       "         3.83960350e+01,  7.87969698e+01,  1.57892306e+01,\n",
       "         6.74627958e+01,  4.68144045e+01,  6.28338280e+00,\n",
       "        -5.50068346e+01,  2.95090132e+01,  7.05412193e+00,\n",
       "        -4.00671824e+01, -4.10926607e+01,  4.56338611e+01,\n",
       "         4.81542524e+01, -2.49250851e+00,  1.49012089e+01,\n",
       "        -1.40493998e+01, -7.78122042e+01],\n",
       "       [-7.46028563e+01, -5.81142259e+01,  1.65203176e+01,\n",
       "         1.81354698e+01,  3.18353497e+00, -6.92316068e+00,\n",
       "         3.76142958e+01,  1.57892306e+01,  4.48934915e+01,\n",
       "         1.85840567e+01, -1.40823346e+01, -1.84793563e+01,\n",
       "        -2.82795737e+01,  4.28332741e+01,  3.52833828e+01,\n",
       "         1.63820784e+01, -8.18439981e+00,  3.09971219e+01,\n",
       "         2.18065132e+01, -1.83982476e+01, -1.46530246e-01,\n",
       "        -2.80211389e+01, -4.67909433e+01],\n",
       "       [-6.99662911e+01, -1.05876161e+02, -2.16436172e+01,\n",
       "         6.49280350e+01,  7.04810019e+00, -1.52245955e+01,\n",
       "         3.34238611e+01,  6.74627958e+01,  1.85840567e+01,\n",
       "         9.05916219e+01,  4.01347306e+01, -2.96579112e+00,\n",
       "        -7.23060085e+01,  3.92963393e+01,  5.89894802e+00,\n",
       "        -1.71848563e+01, -2.28498346e+01,  4.50166871e+01,\n",
       "         4.08175784e+01, -2.67726824e+01, -1.99296503e+00,\n",
       "        -2.56115737e+01, -7.08083781e+01],\n",
       "       [-1.49866824e+01, -4.49475520e+01, -3.09195085e+01,\n",
       "         3.88361437e+01,  1.10007089e+01, -1.91729868e+01,\n",
       "         5.68396975e+00,  4.68144045e+01, -1.40823346e+01,\n",
       "         4.01347306e+01,  4.27348393e+01,  1.35158176e+01,\n",
       "        -2.85243998e+01,  2.94948015e-01, -1.52424433e+01,\n",
       "        -3.88762476e+01, -1.79447259e+01,  1.35792958e+01,\n",
       "         2.01616871e+01,  4.41092628e+00,  8.19114367e+00,\n",
       "         9.65353497e+00, -3.03152694e+01],\n",
       "       [ 2.32682958e+01,  7.32042628e+00, -1.38755302e+01,\n",
       "        -1.34187807e+00,  1.71687146e-01,  8.55991493e-01,\n",
       "        -1.05075520e+01,  6.28338280e+00, -1.84793563e+01,\n",
       "        -2.96579112e+00,  1.35158176e+01,  1.13497958e+01,\n",
       "         9.88457845e+00, -1.82870737e+01, -1.46694650e+01,\n",
       "        -1.59632694e+01, -8.43624764e+00, -6.48722590e+00,\n",
       "        -7.96834594e-01,  1.35564045e+01,  5.92262193e+00,\n",
       "         1.02095132e+01,  9.47170888e+00],\n",
       "       [ 8.37080784e+01,  9.08802089e+01,  1.00342524e+01,\n",
       "        -6.20020955e+01, -1.40485302e+01,  2.76457741e+01,\n",
       "        -3.69027694e+01, -5.50068346e+01, -2.82795737e+01,\n",
       "        -7.23060085e+01, -2.85243998e+01,  9.88457845e+00,\n",
       "         7.02993611e+01, -4.90022911e+01, -1.58646824e+01,\n",
       "         1.39065132e+01,  7.10853497e+00, -3.96174433e+01,\n",
       "        -3.38870520e+01,  3.03311871e+01,  3.86740454e+00,\n",
       "         1.65092958e+01,  7.12664915e+01],\n",
       "       [-8.62530737e+01, -7.04269433e+01,  9.67260019e+00,\n",
       "         3.79302524e+01,  1.00033176e+01, -1.99083781e+01,\n",
       "         3.98890784e+01,  2.95090132e+01,  4.28332741e+01,\n",
       "         3.92963393e+01,  2.94948015e-01, -1.82870737e+01,\n",
       "        -4.90022911e+01,  5.13730567e+01,  3.13356654e+01,\n",
       "         6.03436106e+00, -1.92461720e+00,  3.46044045e+01,\n",
       "         2.56162958e+01, -2.73234650e+01, -3.49674764e+00,\n",
       "        -2.20213563e+01, -5.97486607e+01],\n",
       "       [-5.52929650e+01, -3.82768346e+01,  1.53802089e+01,\n",
       "         8.73786106e+00,  2.20842628e+00, -4.61326938e+00,\n",
       "         2.81291871e+01,  7.05412193e+00,  3.52833828e+01,\n",
       "         5.89894802e+00, -1.52424433e+01, -1.46694650e+01,\n",
       "        -1.58646824e+01,  3.13356654e+01,  2.86832741e+01,\n",
       "         1.43694698e+01, -5.28950851e+00,  2.13945132e+01,\n",
       "         1.44339045e+01, -1.17758563e+01,  6.93361059e-01,\n",
       "        -2.03487476e+01, -3.22285520e+01],\n",
       "       [ 1.10157306e+01,  2.98243611e+01,  2.98014045e+01,\n",
       "        -3.06534433e+01, -1.50428781e+01,  2.50704263e+01,\n",
       "        -3.32711720e+00, -4.00671824e+01,  1.63820784e+01,\n",
       "        -1.71848563e+01, -3.88762476e+01, -1.59632694e+01,\n",
       "         1.39065132e+01,  6.03436106e+00,  1.43694698e+01,\n",
       "         4.55556654e+01,  1.67191871e+01, -6.21929112e+00,\n",
       "        -1.56273998e+01, -1.52371607e+01, -1.37079433e+01,\n",
       "        -2.07550520e+01,  2.39826437e+01],\n",
       "       [ 2.85812524e+01,  6.64678828e+01,  1.83309263e+01,\n",
       "        -1.59959216e+01,  2.63864367e+00, -6.22505198e+00,\n",
       "        -2.12655955e+01, -4.10926607e+01, -8.18439981e+00,\n",
       "        -2.28498346e+01, -1.79447259e+01, -8.43624764e+00,\n",
       "         7.10853497e+00, -1.92461720e+00, -5.28950851e+00,\n",
       "         1.67191871e+01,  4.59107089e+01, -2.81702694e+01,\n",
       "        -3.11103781e+01, -1.51986389e+01, -1.74134216e+01,\n",
       "         2.07964698e+01,  3.45476654e+01],\n",
       "       [-7.15072259e+01, -8.71905955e+01, -6.25505198e+00,\n",
       "         3.67431002e+01,  4.42516541e+00, -8.61853025e+00,\n",
       "         3.76184263e+01,  4.56338611e+01,  3.09971219e+01,\n",
       "         4.50166871e+01,  1.35792958e+01, -6.48722590e+00,\n",
       "        -3.96174433e+01,  3.46044045e+01,  2.13945132e+01,\n",
       "        -6.21929112e+00, -2.81702694e+01,  3.98287524e+01,\n",
       "         3.55761437e+01, -1.08571172e+01,  6.70560019e+00,\n",
       "        -2.74295085e+01, -5.97708129e+01],\n",
       "       [-6.07858346e+01, -8.15837042e+01, -1.29196607e+01,\n",
       "         3.60739915e+01,  5.83755671e+00, -1.04231389e+01,\n",
       "         3.23883176e+01,  4.81542524e+01,  2.18065132e+01,\n",
       "         4.08175784e+01,  2.01616871e+01, -7.96834594e-01,\n",
       "        -3.38870520e+01,  2.56162958e+01,  1.44339045e+01,\n",
       "        -1.56273998e+01, -3.11103781e+01,  3.55761437e+01,\n",
       "         3.44965350e+01, -3.31272590e+00,  1.01434915e+01,\n",
       "        -2.00046172e+01, -5.50549216e+01],\n",
       "       [ 3.09254045e+01,  1.84315350e+01, -1.08814216e+01,\n",
       "        -1.66787694e+01, -1.81320416e+00,  5.78010019e+00,\n",
       "        -1.18599433e+01, -2.49250851e+00, -1.83982476e+01,\n",
       "        -2.67726824e+01,  4.41092628e+00,  1.35564045e+01,\n",
       "         3.03311871e+01, -2.73234650e+01, -1.17758563e+01,\n",
       "        -1.52371607e+01, -1.51986389e+01, -1.08571172e+01,\n",
       "        -3.31272590e+00,  2.65650132e+01,  1.25442306e+01,\n",
       "         1.16046219e+01,  1.84523176e+01],\n",
       "       [-8.54887807e+00, -1.84792476e+01, -8.92520416e+00,\n",
       "         4.22094802e+00,  2.41451323e+00, -2.92118242e+00,\n",
       "         6.41027410e+00,  1.49012089e+01, -1.46530246e-01,\n",
       "        -1.99296503e+00,  8.19114367e+00,  5.92262193e+00,\n",
       "         3.86740454e+00, -3.49674764e+00,  6.93361059e-01,\n",
       "        -1.37079433e+01, -1.74134216e+01,  6.70560019e+00,\n",
       "         1.01434915e+01,  1.25442306e+01,  1.03304480e+01,\n",
       "         2.57339319e-01, -1.09704650e+01],\n",
       "       [ 3.79245132e+01,  5.16286437e+01, -8.03581285e+00,\n",
       "        -6.42516068e+00,  9.53690454e+00, -1.57967911e+01,\n",
       "        -2.39998346e+01, -1.40493998e+01, -2.80211389e+01,\n",
       "        -2.56115737e+01,  9.65353497e+00,  1.02095132e+01,\n",
       "         1.65092958e+01, -2.20213563e+01, -2.03487476e+01,\n",
       "        -2.07550520e+01,  2.07964698e+01, -2.74295085e+01,\n",
       "        -2.00046172e+01,  1.16046219e+01,  2.57339319e-01,\n",
       "         3.67072306e+01,  2.76709263e+01],\n",
       "       [ 1.23158709e+02,  1.35246339e+02,  1.35413828e+01,\n",
       "        -7.03494650e+01, -1.76918998e+01,  3.25254045e+01,\n",
       "        -6.02186389e+01, -7.78122042e+01, -4.67909433e+01,\n",
       "        -7.08083781e+01, -3.03152694e+01,  9.47170888e+00,\n",
       "         7.12664915e+01, -5.97486607e+01, -3.22285520e+01,\n",
       "         2.39826437e+01,  3.45476654e+01, -5.97708129e+01,\n",
       "        -5.50549216e+01,  1.84523176e+01, -1.09704650e+01,\n",
       "         2.76709263e+01,  1.01896622e+02]])"
      ]
     },
     "execution_count": 21,
     "metadata": {},
     "output_type": "execute_result"
    }
   ],
   "source": [
    "cov_matrix"
   ]
  },
  {
   "cell_type": "markdown",
   "metadata": {},
   "source": [
    "## Calculate the Eigenvectors\n",
    "\n",
    "Next, calculate the eigenvectors for your covariance matrix."
   ]
  },
  {
   "cell_type": "code",
   "execution_count": 18,
   "metadata": {},
   "outputs": [
    {
     "data": {
      "text/plain": [
       "23"
      ]
     },
     "execution_count": 18,
     "metadata": {},
     "output_type": "execute_result"
    }
   ],
   "source": [
    "#Your code here\n",
    "eigen, eigenvalue = np.linalg.eig(cov_matrix)\n",
    "len(eigenvalue)"
   ]
  },
  {
   "cell_type": "markdown",
   "metadata": {},
   "source": [
    "## Sorting the Eigenvectors to Determine Primary Components\n",
    "\n",
    "Great! Now that you have the eigenvectors and their associated eigenvalues, sort the eigenvectors based on their eigenvalues!"
   ]
  },
  {
   "cell_type": "code",
   "execution_count": null,
   "metadata": {},
   "outputs": [],
   "source": [
    "#Your code here"
   ]
  },
  {
   "cell_type": "markdown",
   "metadata": {},
   "source": [
    "## Reprojecting the Data\n",
    "\n",
    "Finally, reproject the dataset using your eigenvectors. Reproject the dataset down to 2 dimensions."
   ]
  },
  {
   "cell_type": "code",
   "execution_count": null,
   "metadata": {},
   "outputs": [],
   "source": [
    "#Your code here"
   ]
  },
  {
   "cell_type": "markdown",
   "metadata": {},
   "source": [
    "## Summary\n",
    "\n",
    "Well done! You've now coded PCA on your own using NumPy! With that, it's time to look at further application of PCA."
   ]
  }
 ],
 "metadata": {
  "kernelspec": {
   "display_name": "Python 3",
   "language": "python",
   "name": "python3"
  },
  "language_info": {
   "codemirror_mode": {
    "name": "ipython",
    "version": 3
   },
   "file_extension": ".py",
   "mimetype": "text/x-python",
   "name": "python",
   "nbconvert_exporter": "python",
   "pygments_lexer": "ipython3",
   "version": "3.6.6"
  }
 },
 "nbformat": 4,
 "nbformat_minor": 2
}
